80.4 0.3 18.8
85 5.4 29.7
80.3 3.5 25.1
80.8 0.2 21
80.2 1.1 27
81.3 -1.8 28
78.6 0.6 21
81.3 1.1 20.9
82.6 -2 13.1
81.2 2.8 21.3
81.4 -0.3 6.3
80.9 -0.2 6.9
80.3 0.2 19.1
80.9 1.3 17.1
81.3 -0.9 13.7
83.6 1.2 20.2
84.6 -1.1 17.5
88 0.4 21.9
80.5 4.4 26.3
81.3 4.9 30.9
81.2 0.6 19.7
86.8 6.2 32.9
85.8 1.4 36.9
80.4 0.6 17
80 1 23
81.4 -1.9 12.3
79.2 0.9 17.9
80.9 0.7 19.9
82.5 -1.2 17.1
79.3 3.1 21.1
82.6 0.4 15.1
79.5 -0.6 18
79.9 0.5 21.2
78.7 1 10
80.2 0.6 18.5
82.6 1.2 23.2
80.3 -0.2 20.1
84 0.9 23
80.1 3.3 25.3
81.5 5.2 28.9
