81.6 -0.8 12.9
80.3 -0.3 22.4
82.4 3.7 25.5
80.8 -1.3 8.4
80.2 -0.5 13.4
80.2 -1.7 13.4
84.2 -1.8 16.1
81.3 -2.2 12.2
81 -2.2 10.6
84.9 3.5 20.2
83.9 -2.1 6.5
80.9 -2.8 15.2
83.3 -1 12.2
80.4 0.6 21.7
81.6 -2.6 19.7
83.6 1.2 20.2
84.6 -1.1 17.5
88 0.4 21.9
80.5 4.4 26.3
81.3 4.9 30.9
80.9 0.5 19.1
80.4 6.3 22.1
86.7 4.5 24.8
82.1 0.6 7.4
80.3 -0.3 21.9
82.9 -2.2 13.3
81 -1.4 11.8
82.2 -2.4 10.5
81.1 1.6 1.7
81.2 3.5 20.2
81.5 -1 8.8
80.4 -2.7 17.6
80.9 0.5 19.3
81.2 0.2 11.8
82 -2.4 12.1
84 -0.5 17.4
80.5 -0.1 19.5
85.5 -1.3 18.8
80.7 2.1 23.2
80.5 1.1 27.3
