76.3    1.8 28.6
76.7 2.7 36.9
79.1 4.5 29.8
79.1 0.5 19.8
69.1 1.3 28.5
76.9 1.6 28.3
72.4 1.1 27.4
75.6 0.3 24
76.7 -1.2 9.1
74.3 3.9 24.3
76.9 -0.2 13.7
77.1 -0.5 16.8
74.9 0.3 24.7
74.5 1 15
78.3 -0.4 22.7
75.9 1.1 23.4
75.1 2.8 24.1
74.4 0.6 23.9
76.2 3.9 32.9
74.2 8 34.4
73.3 1.9 29.7
72.9 6.5 34.6
73.4 3.7 38
78.4 0.7 21
70 0.9 22
76.9 1.8 28
75.3 1.3 26.5
74.9 0.9 22.7
77.6 -1.3 19.8
74.2 3.2 21.3
78.1 0.6 18.9
77.4 0.2 27.9
74.3 0.8 25.6
77.7 0.5 12
78.2 1.1 19.4
78.2 1.4 25.5
74 1.1 27.3
78.3 1 25
77.6 3.4 28
75.8 6.2 33
